100
100
80
78
78
69
10
49
8
27
56
97
93
19
52
6
11
30
70
32
56
11
27
73
61
10
13
28
3
62
88
35
84
80
45
49
76
32
87
72
75
35
46
73
40
34
25
59
8
94
16
51
57
61
11
72
89
67
43
77
31
72
89
18
56
65
89
7
92
18
7
76
55
31
56
1
56
94
5
63
78
34
97
81
58
74
91
86
96
12
95
62
33
32
91
22
92
46
83
33
2
37
49
26
41
62
88
48
80
35
48
87
93
46
64
36
23
59
61
42
38
3
92
42
1
75
50
79
25
4
7
77
33
15
81
55
81
89
11
92
15
94
44
5
86
87
14
2
96
97
79
3
84
80
34
75
26
90
45
91
25
88
3
18
93
1
53
43
100
29
22
16
14
80
44
75
18
16
97
1
95
40
35
52
85
72
54
74
40
15
80
50
43
80
79
95
69
51
89
23
4
15
88
19
6
87
49
99
11
28
15
3
95
29
19
41
59
63
81
56
21
14
52
96
90
84
10
88
52
19
4
20
30
2
66
70
46
3
17
93
21
28
59
93
65
96
28
6
6
68
58
60
50
60
74
12
81
84
46
48
58
54
26
13
94
42
38
10
36
83
91
27
12
6
43
20
53
75
91
1
87
10
70
77
2
45
22
11
19
43
86
89
45
93
31
50
6
44
95
79
47
57
15
24
15
16
95
32
74
58
83
91
13
43
98
80
29
28
44
42
56
19
82
59
36
92
2
62
77
3
81
90
65
4
51
21
25
97
3
12
61
65
85
47
99
26
60
54
86
49
62
11
13
50
1
79
56
27
78
5
70
32
59
14
25
29
67
88
40
17
77
74
11
33
64
46
49
61
85
24
47
25
4
42
67
81
80
41
59
75
99
21
24
55
15
54
81
76
31
80
63
65
8
29
8
87
67
87
100
9
49
24
93
16
34
96
85
6
39
50
22
28
45
16
84
86
53
44
6
6
5
77
93
42
80
77
43
12
74
91
24
27
59
78
66
36
95
58
57
57
6
65
52
75
50
29
41
90
95
21
35
22
44
8
45
74
39
94
89
84
85
72
60
87
64
70
9
20
49
91
32
20
93
32
72
15
23
37
10
88
46
97
90
72
64
37
63
56
95
12
